
=== Top 12 runs by weighted_f1 ===
    variant      experiment  weighted_f1
0         8       real_only     0.611675
1         8       real_only     0.585131
2         8       real_only     0.529202
3        10       real_only     0.528150
4         7        high_aug     0.524397
5        12        high_aug     0.523671
6         8        high_aug     0.522286
7         8  synthetic_only     0.520367
8         8       real_only     0.518366
9         5        high_aug     0.516457
10        7        high_aug     0.515299
11       12       real_only     0.513827
Saved top_12_weighted_f1.csv

=== Top 12 runs by macro_f1 ===
    variant      experiment  macro_f1
0         8       real_only  0.605521
1         8       real_only  0.583715
2         8       real_only  0.520452
3         8        high_aug  0.517740
4         8       real_only  0.516507
5         5        high_aug  0.515133
6         8  synthetic_only  0.511981
7         8        high_aug  0.497573
8         8  synthetic_only  0.493575
9        10       real_only  0.491508
10        6  synthetic_only  0.489135
11        9        high_aug  0.488811
Saved top_12_macro_f1.csv

=== Top 12 runs by accuracy ===
    variant      experiment  accuracy
0         8       real_only  0.613333
1         8       real_only  0.586667
2         8       real_only  0.533333
3         8  synthetic_only  0.521429
4         8       real_only  0.520000
5         8        high_aug  0.520000
6         5        high_aug  0.520000
7        10       real_only  0.513158
8         8  synthetic_only  0.507143
9         8        high_aug  0.506667
10        7        high_aug  0.506667
11       12       real_only  0.493333
Saved top_12_accuracy.csv

=== Top 12 runs by roc_auc ===
    variant      experiment   roc_auc
0         8       real_only  0.811897
1         8       real_only  0.809098
2         8       real_only  0.803534
3         8       real_only  0.800055
4        10        high_aug  0.763292
5         5  synthetic_only  0.739187
6         9        high_aug  0.736399
7         5       real_only  0.735291
8         8  synthetic_only  0.734344
9         5        high_aug  0.733990
10        5        high_aug  0.733758
11       10        high_aug  0.733220
Saved top_12_roc_auc.csv

=== Top 12 runs by cohen_kappa ===
    variant      experiment  cohen_kappa
0         8       real_only     0.482143
1         8       real_only     0.446560
2         8       real_only     0.374404
3         8        high_aug     0.358670
4         8       real_only     0.356990
5         5        high_aug     0.348770
6         8  synthetic_only     0.346933
7        10       real_only     0.346199
8         8  synthetic_only     0.334757
9         8        high_aug     0.332772
10        6  synthetic_only     0.323073
11        9        high_aug     0.321267
Saved top_12_cohen_kappa.csv
Saved plot/top_12_weighted_f1_combined.png
Saved plot/top_12_macro_f1_combined.png
Saved plot/top_12_accuracy_combined.png
Saved plot/top_12_roc_auc_combined.png
Saved plot/top_12_cohen_kappa_combined.png

=== Experiment 'real_only' — variants ranked by weighted_f1 ===
 variant  weighted_f1
       8     0.611675
       8     0.585131
       8     0.529202
      10     0.528150
       8     0.518366
      12     0.513827
      12     0.502021
      12     0.493689
      11     0.493296
      11     0.492786
      10     0.492238
      12     0.491902
       7     0.483065
      11     0.482781
       5     0.481675
      11     0.479238
       5     0.477798
       9     0.474347
      12     0.473183
      11     0.473120
       3     0.472515
      11     0.471304
       7     0.467532
       9     0.462878
       7     0.461821
      11     0.454180
       5     0.453494
       5     0.451929
      10     0.450141
       9     0.449832
      10     0.446569
       6     0.440669
       9     0.431718
       3     0.428458
       4     0.428022
       6     0.425567
       7     0.417511
      10     0.415853
       6     0.414657
       5     0.414426
       6     0.413296
       3     0.411648
       7     0.411402
       7     0.410782
       6     0.404359
       7     0.402744
       9     0.391387
       2     0.388797
       2     0.387295
       2     0.385752
       2     0.380990
       6     0.377216
       4     0.374922
       2     0.374810
       6     0.374769
       9     0.372502
       6     0.371987
       9     0.366168
       2     0.364795
       9     0.354944
       2     0.352792
       7     0.349787
       6     0.330818
       9     0.322753
       4     0.317987
       1     0.307232
       1     0.294540
       1     0.291238
       1     0.274973
       1     0.227807
       1     0.227066
       1     0.214046
       1     0.208141
Saved plot to plot/real_only_weighted_f1.png

=== Experiment 'real_only' — variants ranked by macro_f1 ===
 variant  macro_f1
       8  0.605521
       8  0.583715
       8  0.520452
       8  0.516507
      10  0.491508
       5  0.480498
       5  0.479982
       9  0.472848
       3  0.463774
       9  0.458882
       5  0.453577
       5  0.452543
       9  0.447133
      10  0.436406
       9  0.429146
       4  0.423603
       3  0.419269
       6  0.418730
      10  0.414651
       5  0.414370
       7  0.413483
      10  0.405904
       7  0.403579
       7  0.402331
       6  0.399466
       3  0.398721
       9  0.398185
      11  0.388194
       6  0.387839
       2  0.386947
       2  0.385304
      12  0.385013
      10  0.384610
      12  0.381407
       6  0.380949
       6  0.379521
       2  0.379289
       9  0.378417
       2  0.378066
      12  0.377210
       2  0.372958
       4  0.369951
       9  0.368430
       2  0.364919
      11  0.364781
      12  0.364137
       9  0.359692
      11  0.355969
      12  0.352745
       6  0.352736
      11  0.349581
       2  0.348174
       6  0.346251
       6  0.346148
      11  0.341088
       7  0.337711
       7  0.335816
      11  0.334066
      11  0.333945
       7  0.327716
       9  0.325263
       4  0.320098
       7  0.319713
       6  0.310660
       7  0.286492
       1  0.285433
       1  0.279553
       1  0.272670
       1  0.264224
       1  0.221516
       1  0.210568
       1  0.200916
       1  0.196224
Saved plot to plot/real_only_macro_f1.png

=== Experiment 'real_only' — variants ranked by accuracy ===
 variant  accuracy
       8  0.613333
       8  0.586667
       8  0.533333
       8  0.520000
      10  0.513158
      12  0.493333
      12  0.493333
       5  0.480000
       9  0.480000
       5  0.480000
      10  0.473684
       9  0.466667
       3  0.466667
      12  0.466667
       7  0.466667
      11  0.466667
      12  0.466667
      12  0.466667
       7  0.453333
       9  0.453333
       5  0.453333
       7  0.453333
       5  0.453333
      11  0.453333
      11  0.453333
       9  0.440000
      11  0.440000
      11  0.440000
       6  0.440000
      10  0.434211
       3  0.426667
      11  0.426667
       4  0.426667
       6  0.426667
      10  0.421053
       3  0.413333
       5  0.413333
       6  0.413333
       6  0.413333
      11  0.413333
      10  0.407895
       6  0.400000
       9  0.400000
       9  0.386667
       7  0.386667
       2  0.386667
       2  0.386667
       2  0.386667
       2  0.386667
       7  0.373333
       9  0.373333
       4  0.373333
       7  0.373333
       7  0.373333
       2  0.373333
       6  0.373333
       2  0.373333
       6  0.373333
       6  0.373333
       9  0.373333
       2  0.346667
       9  0.333333
       4  0.320000
       6  0.320000
       7  0.320000
       1  0.286957
       1  0.278261
       1  0.278261
       1  0.278261
       1  0.260870
       1  0.234783
       1  0.208696
       1  0.208696
Saved plot to plot/real_only_accuracy.png

=== Experiment 'real_only' — variants ranked by roc_auc ===
 variant  roc_auc
       8 0.811897
       8 0.809098
       8 0.803534
       8 0.800055
       5 0.735291
       5 0.729498
       5 0.727687
       5 0.722452
       5 0.717993
       9 0.714858
      10 0.711216
       6 0.710490
       6 0.706049
       6 0.700997
       9 0.700699
       9 0.699610
      10 0.697657
       6 0.695731
       7 0.695097
       7 0.693931
       3 0.689700
       7 0.688302
       7 0.686134
       9 0.683819
       7 0.683213
       7 0.683144
       3 0.681631
       9 0.679450
       2 0.677201
      10 0.672119
      10 0.670094
       7 0.669001
      12 0.667739
       6 0.667494
      11 0.664773
       9 0.662165
      12 0.661914
      11 0.660251
       3 0.659041
      11 0.657827
       4 0.654161
       2 0.651592
       4 0.651349
       9 0.650037
       2 0.648001
      11 0.644693
      12 0.644566
       4 0.643626
      11 0.641663
       9 0.638290
      12 0.629254
      11 0.628290
       6 0.624707
      10 0.623676
      12 0.623518
       6 0.621615
       2 0.618294
       7 0.607314
      11 0.606904
       9 0.605887
       6 0.603805
       2 0.599049
       6 0.593071
       2 0.580452
       2 0.566238
       1 0.518074
       1 0.507206
       1 0.499757
       1 0.493630
       1 0.482911
       1 0.470853
       1 0.468192
       1 0.466072
Saved plot to plot/real_only_roc_auc.png

=== Experiment 'real_only' — variants ranked by cohen_kappa ===
 variant  cohen_kappa
       8     0.482143
       8     0.446560
       8     0.374404
       8     0.356990
      10     0.346199
       5     0.313863
       5     0.312896
       9     0.298897
      10     0.289221
       3     0.287580
       9     0.283839
       5     0.282715
       5     0.282213
       9     0.264002
       7     0.257610
      12     0.252557
       9     0.244785
       6     0.244060
       3     0.241355
      10     0.241235
      12     0.238385
       4     0.234875
       7     0.234313
      10     0.234082
      12     0.228395
      11     0.227600
       6     0.226804
       7     0.226220
       5     0.224806
      12     0.223856
       3     0.217082
      11     0.212145
       6     0.209202
       6     0.208253
      10     0.201308
      11     0.199636
       9     0.193741
       6     0.191617
      11     0.188980
      12     0.188970
      11     0.188144
       2     0.183045
       2     0.182852
       2     0.182658
       2     0.182271
      11     0.179717
      11     0.178762
       9     0.178571
       7     0.176594
       9     0.169807
       7     0.166864
       2     0.165878
       9     0.165483
       2     0.164098
       4     0.162509
       6     0.156295
       6     0.155689
       7     0.152848
       6     0.152440
       7     0.152334
       2     0.129972
       9     0.110531
       7     0.098303
       6     0.095531
       4     0.095317
       1     0.058882
       1     0.048829
       1     0.043779
       1     0.031554
       1    -0.000614
       1    -0.026265
       1    -0.040052
       1    -0.043994
